NUMBER: 2.000000
POWER
NUMBER: 3.000000
PLUS
NUMBER: 4.000000
